0.000000 16999999488.000000 0.000000 560000.000000
1000.000000 16999862272.000000 -275.243866 56000.015625
2000.000000 16999449600.000000 -550.463745 56002.273438
3000.000000 16998761472.000000 -825.635620 56009.070312
4000.000000 16997797888.000000 -1100.735596 56020.410156
5000.000000 16996559872.000000 -1375.739380 56036.289062
6000.000000 16995046400.000000 -1650.623047 56056.699219
7000.000000 16993258496.000000 -1925.362427 56081.664062
8000.000000 16991196160.000000 -2199.933594 56111.175781
9000.000000 16988859392.000000 -2474.312256 56145.234375
10000.000000 16986248192.000000 -2748.474121 56183.859375
11000.000000 16983362560.000000 -3022.395020 56227.058594
12000.000000 16980203520.000000 -3296.050537 56274.839844
13000.000000 16976771072.000000 -3569.416260 56327.207031
14000.000000 16973065216.000000 -3842.467773 56384.171875
15000.000000 16969085952.000000 -4115.180664 56445.753906
16000.000000 16964834304.000000 -4387.529785 56511.968750
17000.000000 16960310272.000000 -4659.490723 56582.816406
18000.000000 16955514880.000000 -4931.038574 56658.324219
19000.000000 16950448128.000000 -5202.148438 56738.488281
20000.000000 16945111040.000000 -5472.794922 56823.339844
21000.000000 16939503616.000000 -5742.953613 56912.882812
22000.000000 16933625856.000000 -6012.598633 57007.144531
23000.000000 16927478784.000000 -6281.704590 57106.148438
24000.000000 16921062400.000000 -6550.246094 57209.914062
25000.000000 16914377728.000000 -6818.197266 57318.464844
26000.000000 16907425792.000000 -7085.532227 57431.816406
27000.000000 16900206592.000000 -7352.225098 57549.988281
28000.000000 16892721152.000000 -7618.249512 57673.007812
29000.000000 16884970496.000000 -7883.579102 57800.902344
30000.000000 16876954624.000000 -8148.187988 57933.683594
31000.000000 16868674560.000000 -8412.048828 58071.394531
32000.000000 16860131328.000000 -8675.134766 58214.058594
33000.000000 16851324928.000000 -8937.418945 58361.695312
34000.000000 16842256384.000000 -9198.874023 58514.355469
35000.000000 16832926720.000000 -9459.472656 58672.054688
36000.000000 16823336960.000000 -9719.186523 58834.832031
37000.000000 16813488128.000000 -9977.988281 59002.710938
38000.000000 16803381248.000000 -10235.849609 59175.722656
39000.000000 16793017344.000000 -10492.742188 59353.902344
40000.000000 16782396416.000000 -10748.637695 59537.281250
41000.000000 16771520512.000000 -11003.507812 59725.914062
42000.000000 16760389632.000000 -11257.322266 59919.820312
43000.000000 16749005824.000000 -11510.052734 60119.050781
44000.000000 16737370112.000000 -11761.668945 60323.636719
45000.000000 16725483520.000000 -12012.140625 60533.609375
46000.000000 16713347072.000000 -12261.438477 60749.019531
47000.000000 16700961792.000000 -12509.532227 60969.906250
48000.000000 16688328704.000000 -12756.390625 61196.312500
49000.000000 16675449856.000000 -13001.983398 61428.292969
50000.000000 16662325248.000000 -13246.278320 61665.871094
51000.000000 16648956928.000000 -13489.245117 61909.121094
52000.000000 16635346944.000000 -13730.850586 62158.070312
53000.000000 16621496320.000000 -13971.063477 62412.757812
54000.000000 16607406080.000000 -14209.850586 62673.230469
55000.000000 16593077248.000000 -14447.179688 62939.550781
56000.000000 16578511872.000000 -14683.017578 63211.777344
57000.000000 16563712000.000000 -14917.331055 63489.945312
58000.000000 16548678656.000000 -15150.085938 63774.097656
59000.000000 16533412864.000000 -15381.248047 64064.296875
60000.000000 16517916672.000000 -15610.783203 64360.605469
61000.000000 16502192128.000000 -15838.656250 64663.070312
62000.000000 16486240256.000000 -16064.832031 64971.738281
63000.000000 16470063104.000000 -16289.275391 65286.675781
64000.000000 16453662720.000000 -16511.949219 65607.937500
65000.000000 16437040128.000000 -16732.818359 65935.562500
66000.000000 16420197376.000000 -16951.847656 66269.640625
67000.000000 16403136512.000000 -17168.998047 66610.210938
68000.000000 16385859584.000000 -17384.232422 66957.335938
69000.000000 16368368640.000000 -17597.511719 67311.078125
70000.000000 16350665728.000000 -17808.800781 67671.484375
71000.000000 16332751872.000000 -18018.058594 68038.617188
72000.000000 16314630144.000000 -18225.248047 68412.562500
73000.000000 16296302592.000000 -18430.328125 68793.359375
74000.000000 16277770240.000000 -18633.259766 69181.070312
75000.000000 16259036160.000000 -18834.003906 69575.781250
76000.000000 16240102400.000000 -19032.517578 69977.546875
77000.000000 16220972032.000000 -19228.761719 70386.414062
78000.000000 16201646080.000000 -19422.695312 70802.453125
79000.000000 16182127616.000000 -19614.275391 71225.742188
80000.000000 16162418688.000000 -19803.460938 71656.328125
81000.000000 16142521344.000000 -19990.208984 72094.296875
82000.000000 16122438656.000000 -20174.476562 72539.710938
83000.000000 16102172672.000000 -20356.218750 72992.632812
84000.000000 16081726464.000000 -20535.394531 73453.125000
85000.000000 16061102080.000000 -20711.957031 73921.250000
86000.000000 16040302592.000000 -20885.863281 74397.093750
87000.000000 16019331072.000000 -21057.068359 74880.703125
88000.000000 15998189568.000000 -21225.527344 75372.132812
89000.000000 15976881152.000000 -21391.193359 75871.468750
90000.000000 15955407872.000000 -21554.019531 76378.765625
91000.000000 15933773824.000000 -21713.960938 76894.117188
92000.000000 15911981056.000000 -21870.970703 77417.554688
93000.000000 15890032640.000000 -22025.000000 77949.156250
94000.000000 15867931648.000000 -22176.001953 78488.992188
95000.000000 15845681152.000000 -22323.927734 79037.117188
96000.000000 15823284224.000000 -22468.730469 79593.593750
97000.000000 15800743936.000000 -22610.361328 80158.492188
98000.000000 15778064384.000000 -22748.769531 80731.867188
99000.000000 15755247616.000000 -22883.906250 81313.765625
100000.000000 15732297728.000000 -23015.722656 81904.265625
101000.000000 15709217792.000000 -23144.166016 82503.406250
102000.000000 15686010880.000000 -23269.187500 83111.257812
103000.000000 15662681088.000000 -23390.736328 83727.882812
104000.000000 15639231488.000000 -23508.761719 84353.312500
105000.000000 15615665152.000000 -23623.212891 84987.617188
106000.000000 15591986176.000000 -23734.037109 85630.843750
107000.000000 15568198656.000000 -23841.183594 86283.046875
108000.000000 15544305664.000000 -23944.597656 86944.250000
109000.000000 15520311296.000000 -24044.230469 87614.507812
110000.000000 15496218624.000000 -24140.027344 88293.867188
111000.000000 15472032768.000000 -24231.935547 88982.375000
112000.000000 15447756800.000000 -24319.902344 89680.039062
113000.000000 15423394816.000000 -24403.875000 90386.914062
114000.000000 15398950912.000000 -24483.800781 91103.023438
115000.000000 15374429184.000000 -24559.625000 91828.398438
116000.000000 15349833728.000000 -24631.294922 92563.054688
117000.000000 15325168640.000000 -24698.757812 93307.015625
118000.000000 15300438016.000000 -24761.958984 94060.304688
119000.000000 15275645952.000000 -24820.845703 94822.929688
120000.000000 15250797568.000000 -24875.365234 95594.906250
121000.000000 15225896960.000000 -24925.462891 96376.218750
122000.000000 15200948224.000000 -24971.085938 97166.875000
123000.000000 15175956480.000000 -25012.179688 97966.882812
124000.000000 15150925824.000000 -25048.693359 98776.203125
125000.000000 15125860352.000000 -25080.572266 99594.835938
126000.000000 15100766208.000000 -25107.763672 100422.781250
127000.000000 15075646464.000000 -25130.216797 101259.960938
128000.000000 15050507264.000000 -25147.876953 102106.398438
129000.000000 15025352704.000000 -25160.693359 102962.007812
130000.000000 15000187904.000000 -25168.615234 103826.757812
131000.000000 14975016960.000000 -25171.589844 104700.601562
132000.000000 14949846016.000000 -25169.568359 105583.500000
133000.000000 14924679168.000000 -25162.500000 106475.351562
134000.000000 14899522560.000000 -25150.333984 107376.109375
135000.000000 14874380288.000000 -25133.021484 108285.648438
136000.000000 14849258496.000000 -25110.513672 109203.929688
137000.000000 14824161280.000000 -25082.763672 110130.812500
138000.000000 14799094784.000000 -25049.724609 111066.226562
139000.000000 14774064128.000000 -25011.349609 112010.031250
140000.000000 14749074432.000000 -24967.591797 112962.109375
141000.000000 14724130816.000000 -24918.408203 113922.328125
142000.000000 14699239424.000000 -24863.753906 114890.562500
143000.000000 14674405376.000000 -24803.587891 115866.625000
144000.000000 14649633792.000000 -24737.867188 116850.375000
145000.000000 14624930816.000000 -24666.550781 117841.656250
146000.000000 14600302592.000000 -24589.599609 118840.257812
147000.000000 14575754240.000000 -24506.976562 119845.960938
148000.000000 14551290880.000000 -24418.642578 120858.578125
149000.000000 14526918656.000000 -24324.564453 121877.929688
150000.000000 14502643712.000000 -24224.707031 122903.757812
151000.000000 14478471168.000000 -24119.037109 123935.804688
152000.000000 14454407168.000000 -24007.523438 124973.851562
153000.000000 14430457856.000000 -23890.138672 126017.617188
154000.000000 14406629376.000000 -23766.853516 127066.812500
155000.000000 14382926848.000000 -23637.640625 128121.132812
156000.000000 14359356416.000000 -23502.478516 129180.312500
157000.000000 14335924224.000000 -23361.343750 130244.023438
158000.000000 14312636416.000000 -23214.214844 131311.937500
159000.000000 14289498112.000000 -23061.076172 132383.687500
160000.000000 14266516480.000000 -22901.908203 133458.984375
161000.000000 14243696640.000000 -22736.699219 134537.375000
162000.000000 14221044736.000000 -22565.437500 135618.546875
163000.000000 14198567936.000000 -22388.113281 136702.093750
164000.000000 14176271360.000000 -22204.718750 137787.546875
165000.000000 14154161152.000000 -22015.250000 138874.531250
166000.000000 14132243456.000000 -21819.705078 139962.593750
167000.000000 14110524416.000000 -21618.083984 141051.312500
168000.000000 14089010176.000000 -21410.390625 142140.187500
169000.000000 14067705856.000000 -21196.630859 143228.765625
170000.000000 14046618624.000000 -20976.812500 144316.593750
171000.000000 14025754624.000000 -20750.947266 145403.125000
172000.000000 14005118976.000000 -20519.050781 146487.812500
173000.000000 13984718848.000000 -20281.138672 147570.203125
174000.000000 13964559360.000000 -20037.234375 148649.687500
175000.000000 13944646656.000000 -19787.359375 149725.750000
176000.000000 13924986880.000000 -19531.541016 150797.828125
177000.000000 13905586176.000000 -19269.808594 151865.359375
178000.000000 13886449664.000000 -19002.197266 152927.703125
179000.000000 13867583488.000000 -18728.742188 153984.343750
180000.000000 13848993792.000000 -18449.482422 155034.640625
181000.000000 13830686720.000000 -18164.462891 156077.953125
182000.000000 13812667392.000000 -17873.730469 157113.656250
183000.000000 13794940928.000000 -17577.333984 158141.156250
184000.000000 13777514496.000000 -17275.328125 159159.828125
185000.000000 13760392192.000000 -16967.769531 160168.937500
186000.000000 13743580160.000000 -16654.720703 161167.921875
187000.000000 13727084544.000000 -16336.244141 162156.093750
188000.000000 13710909440.000000 -16012.409180 163132.734375
189000.000000 13695060992.000000 -15683.287109 164097.281250
190000.000000 13679544320.000000 -15348.953125 165048.968750
191000.000000 13664364544.000000 -15009.485352 165987.171875
192000.000000 13649526784.000000 -14664.966797 166911.203125
193000.000000 13635036160.000000 -14315.483398 167820.375000
194000.000000 13620897792.000000 -13961.125977 168714.031250
195000.000000 13607115776.000000 -13601.986328 169591.468750
196000.000000 13593695232.000000 -13238.162109 170452.062500
197000.000000 13580641280.000000 -12869.752930 171295.140625
198000.000000 13567958016.000000 -12496.863281 172119.984375
199000.000000 13555649536.000000 -12119.600586 172925.968750
200000.000000 13543719936.000000 -11738.075195 173712.484375
201000.000000 13532174336.000000 -11352.401367 174478.875000
202000.000000 13521016832.000000 -10962.696289 175224.468750
203000.000000 13510250496.000000 -10569.081055 175948.640625
204000.000000 13499879424.000000 -10171.678711 176650.828125
205000.000000 13489907712.000000 -9770.616211 177330.421875
206000.000000 13480339456.000000 -9366.024414 177986.796875
207000.000000 13471176704.000000 -8958.035156 178619.359375
208000.000000 13462423552.000000 -8546.785156 179227.656250
209000.000000 13454084096.000000 -8132.412598 179811.078125
210000.000000 13446160384.000000 -7715.058594 180369.031250
211000.000000 13438655488.000000 -7294.867188 180901.109375
212000.000000 13431571456.000000 -6871.984863 181406.812500
213000.000000 13424912384.000000 -6446.560059 181885.687500
214000.000000 13418679296.000000 -6018.743652 182337.234375
215000.000000 13412875264.000000 -5588.688477 182761.125000
216000.000000 13407502336.000000 -5156.549805 183156.890625
217000.000000 13402562560.000000 -4722.484375 183524.171875
218000.000000 13398057984.000000 -4286.650879 183862.625000
219000.000000 13393989632.000000 -3849.209717 184171.921875
220000.000000 13390359552.000000 -3410.322266 184451.796875
221000.000000 13387168768.000000 -2970.151611 184701.953125
222000.000000 13384419328.000000 -2528.861572 184922.171875
223000.000000 13382111232.000000 -2086.617920 185112.187500
224000.000000 13380246528.000000 -1643.586426 185271.875000
225000.000000 13378825216.000000 -1199.934082 185401.015625
226000.000000 13377847296.000000 -755.828186 185499.515625
227000.000000 13377313792.000000 -311.436554 185567.328125
228000.000000 13377224704.000000 133.072968 185604.328125
229000.000000 13377580032.000000 577.531921 185610.515625
230000.000000 13378379776.000000 1021.772583 185585.859375
231000.000000 13379623936.000000 1465.626831 185530.390625
232000.000000 13381311488.000000 1908.926880 185444.156250
233000.000000 13383441408.000000 2351.506104 185327.250000
234000.000000 13386013696.000000 2793.197998 185179.828125
235000.000000 13389027328.000000 3233.837158 185001.968750
236000.000000 13392481280.000000 3673.258789 184793.859375
237000.000000 13396373504.000000 4111.299316 184555.687500
238000.000000 13400702976.000000 4547.797363 184287.734375
239000.000000 13405468672.000000 4982.590820 183990.234375
240000.000000 13410667520.000000 5415.521484 183663.421875
241000.000000 13416298496.000000 5846.431152 183307.703125
242000.000000 13422359552.000000 6275.164551 182923.343750
243000.000000 13428847616.000000 6701.567383 182510.703125
244000.000000 13435761664.000000 7125.488281 182070.234375
245000.000000 13443097600.000000 7546.777344 181602.250000
246000.000000 13450853376.000000 7965.287598 181107.281250
247000.000000 13459026944.000000 8380.874023 180585.750000
248000.000000 13467614208.000000 8793.394531 180038.078125
249000.000000 13476612096.000000 9202.708984 179464.828125
250000.000000 13486018560.000000 9608.680664 178866.515625
251000.000000 13495828480.000000 10011.175781 178243.593750
252000.000000 13506039808.000000 10410.062500 177596.718750
253000.000000 13516647424.000000 10805.212891 176926.359375
254000.000000 13527648256.000000 11196.502930 176233.203125
255000.000000 13539039232.000000 11583.809570 175517.796875
256000.000000 13550815232.000000 11967.013672 174780.687500
257000.000000 13562972160.000000 12346.000977 174022.562500
258000.000000 13575505920.000000 12720.658203 173244.046875
259000.000000 13588412416.000000 13090.877930 172445.781250
260000.000000 13601686528.000000 13456.553711 171628.375000
261000.000000 13615324160.000000 13817.584961 170792.531250
262000.000000 13629320192.000000 14173.873047 169938.875000
263000.000000 13643670528.000000 14525.323242 169068.109375
264000.000000 13658369024.000000 14871.843750 168180.859375
265000.000000 13673411584.000000 15213.347656 167277.859375
266000.000000 13688793088.000000 15549.751953 166359.750000
267000.000000 13704508416.000000 15880.975586 165427.187500
268000.000000 13720552448.000000 16206.941406 164480.859375
269000.000000 13736920064.000000 16527.578125 163521.437500
270000.000000 13753606144.000000 16842.814453 162549.562500
271000.000000 13770604544.000000 17152.583984 161565.921875
272000.000000 13787910144.000000 17456.826172 160571.203125
273000.000000 13805516800.000000 17755.480469 159566.031250
274000.000000 13823419392.000000 18048.492188 158551.125000
275000.000000 13841611776.000000 18335.810547 157527.093750
276000.000000 13860088832.000000 18617.386719 156494.593750
277000.000000 13878844416.000000 18893.175781 155454.250000
278000.000000 13897873408.000000 19163.138672 154406.703125
279000.000000 13917168640.000000 19427.234375 153352.515625
280000.000000 13936724992.000000 19685.429688 152292.406250
281000.000000 13956537344.000000 19937.693359 151226.890625
282000.000000 13976598528.000000 20183.998047 150156.546875
283000.000000 13996903424.000000 20424.318359 149082.000000
284000.000000 14017445888.000000 20658.630859 148003.796875
285000.000000 14038218752.000000 20886.917969 146922.468750
286000.000000 14059216896.000000 21109.164062 145838.656250
287000.000000 14080434176.000000 21325.357422 144752.812500
288000.000000 14101865472.000000 21535.486328 143665.484375
289000.000000 14123503616.000000 21739.544922 142577.125000
290000.000000 14145342464.000000 21937.529297 141488.281250
291000.000000 14167376896.000000 22129.435547 140399.437500
292000.000000 14189599744.000000 22315.267578 139311.015625
293000.000000 14212005888.000000 22495.027344 138223.515625
294000.000000 14234588160.000000 22668.720703 137137.359375
295000.000000 14257341440.000000 22836.357422 136053.000000
296000.000000 14280259584.000000 22997.947266 134970.828125
297000.000000 14303335424.000000 23153.503906 133891.234375
298000.000000 14326563840.000000 23303.041016 132814.671875
299000.000000 14349938688.000000 23446.578125 131741.468750
300000.000000 14373454848.000000 23584.134766 130671.976562
301000.000000 14397105152.000000 23715.730469 129606.515625
302000.000000 14420884480.000000 23841.390625 128545.476562
303000.000000 14444786688.000000 23961.140625 127489.140625
304000.000000 14468805632.000000 24075.005859 126437.820312
305000.000000 14492935168.000000 24183.015625 125391.835938
306000.000000 14517170176.000000 24285.201172 124351.468750
307000.000000 14541504512.000000 24381.593750 123316.968750
308000.000000 14565932032.000000 24472.226562 122288.601562
309000.000000 14590447616.000000 24557.136719 121266.625000
310000.000000 14615045120.000000 24636.357422 120251.250000
311000.000000 14639718400.000000 24709.929688 119242.718750
312000.000000 14664462336.000000 24777.890625 118241.265625
313000.000000 14689271808.000000 24840.279297 117247.054688
314000.000000 14714140672.000000 24897.138672 116260.273438
315000.000000 14739063808.000000 24948.511719 115281.109375
316000.000000 14764036096.000000 24994.439453 114309.726562
317000.000000 14789051392.000000 25034.968750 113346.257812
318000.000000 14814104576.000000 25070.142578 112390.882812
319000.000000 14839190528.000000 25100.007812 111443.734375
320000.000000 14864303104.000000 25124.611328 110504.921875
321000.000000 14889438208.000000 25144.001953 109574.601562
322000.000000 14914589696.000000 25158.226562 108652.851562
323000.000000 14939752448.000000 25167.333984 107739.789062
324000.000000 14964922368.000000 25171.373047 106835.523438
325000.000000 14990093312.000000 25170.396484 105940.085938
326000.000000 15015261184.000000 25164.453125 105053.617188
327000.000000 15040420864.000000 25153.593750 104176.132812
328000.000000 15065567232.000000 25137.869141 103307.710938
329000.000000 15090695168.000000 25117.332031 102448.414062
330000.000000 15115800576.000000 25092.035156 101598.304688
331000.000000 15140878336.000000 25062.029297 100757.390625
332000.000000 15165923328.000000 25027.369141 99925.726562
333000.000000 15190931456.000000 24988.105469 99103.367188
334000.000000 15215897600.000000 24944.292969 98290.296875
335000.000000 15240817664.000000 24895.984375 97486.570312
336000.000000 15265687552.000000 24843.232422 96692.179688
337000.000000 15290502144.000000 24786.091797 95907.117188
338000.000000 15315257344.000000 24724.615234 95131.414062
339000.000000 15339949056.000000 24658.855469 94365.054688
340000.000000 15364573184.000000 24588.867188 93608.023438
341000.000000 15389125632.000000 24514.703125 92860.320312
342000.000000 15413601280.000000 24436.416016 92121.914062
343000.000000 15437997056.000000 24354.060547 91392.820312
344000.000000 15462307840.000000 24267.689453 90672.984375
345000.000000 15486530560.000000 24177.355469 89962.414062
346000.000000 15510661120.000000 24083.111328 89261.054688
347000.000000 15534695424.000000 23985.011719 88568.875000
348000.000000 15558629376.000000 23883.107422 87885.851562
349000.000000 15582459904.000000 23777.451172 87211.953125
350000.000000 15606182912.000000 23668.095703 86547.117188
351000.000000 15629794304.000000 23555.093750 85891.304688
352000.000000 15653291008.000000 23438.496094 85244.500000
353000.000000 15676669952.000000 23318.353516 84606.625000
354000.000000 15699927040.000000 23194.716797 83977.625000
355000.000000 15723058176.000000 23067.638672 83357.468750
356000.000000 15746061312.000000 22937.169922 82746.109375
357000.000000 15768932352.000000 22803.359375 82143.460938
358000.000000 15791667200.000000 22666.257812 81549.484375
359000.000000 15814263808.000000 22525.914062 80964.148438
360000.000000 15836718080.000000 22382.376953 80387.359375
361000.000000 15859026944.000000 22235.697266 79819.085938
362000.000000 15881188352.000000 22085.921875 79259.257812
363000.000000 15903198208.000000 21933.101562 78707.789062
364000.000000 15925053440.000000 21777.281250 78164.640625
365000.000000 15946752000.000000 21618.509766 77629.750000
366000.000000 15968289792.000000 21456.833984 77103.039062
367000.000000 15989664768.000000 21292.300781 76584.460938
368000.000000 16010873856.000000 21124.957031 76073.937500
369000.000000 16031913984.000000 20954.847656 75571.406250
370000.000000 16052783104.000000 20782.019531 75076.812500
371000.000000 16073477120.000000 20606.515625 74590.062500
372000.000000 16093995008.000000 20428.382812 74111.140625
373000.000000 16114333696.000000 20247.664062 73639.929688
374000.000000 16134490112.000000 20064.404297 73176.375000
375000.000000 16154462208.000000 19878.646484 72720.429688
376000.000000 16174246912.000000 19690.433594 72272.015625
377000.000000 16193842176.000000 19499.808594 71831.070312
378000.000000 16213245952.000000 19306.814453 71397.523438
379000.000000 16232455168.000000 19111.492188 70971.312500
380000.000000 16251467776.000000 18913.882812 70552.375000
381000.000000 16270281728.000000 18714.027344 70140.640625
382000.000000 16288894976.000000 18511.968750 69736.046875
383000.000000 16307305472.000000 18307.746094 69338.515625
384000.000000 16325510144.000000 18101.398438 68947.992188
385000.000000 16343507968.000000 17892.964844 68564.429688
386000.000000 16361295872.000000 17682.486328 68187.734375
387000.000000 16378871808.000000 17470.000000 67817.875000
388000.000000 16396234752.000000 17255.544922 67454.781250
389000.000000 16413382656.000000 17039.158203 67098.382812
390000.000000 16430312448.000000 16820.878906 66748.609375
391000.000000 16447023104.000000 16600.744141 66405.429688
392000.000000 16463512576.000000 16378.789062 66068.757812
393000.000000 16479779840.000000 16155.050781 65738.562500
394000.000000 16495821824.000000 15929.565430 65414.746094
395000.000000 16511637504.000000 15702.369141 65097.289062
396000.000000 16527225856.000000 15473.497070 64786.117188
397000.000000 16542583808.000000 15242.983398 64481.164062
398000.000000 16557711360.000000 15010.863281 64182.402344
399000.000000 16572605440.000000 14777.170898 63889.742188
400000.000000 16587265024.000000 14541.940430 63603.164062
401000.000000 16601689088.000000 14305.205078 63322.601562
402000.000000 16615875584.000000 14066.998047 63047.996094
403000.000000 16629822464.000000 13827.352539 62779.308594
404000.000000 16643529728.000000 13586.301758 62516.492188
405000.000000 16656995328.000000 13343.876953 62259.480469
406000.000000 16670217216.000000 13100.110352 62008.234375
407000.000000 16683195392.000000 12855.034180 61762.714844
408000.000000 16695927808.000000 12608.679688 61522.855469
409000.000000 16708412416.000000 12361.077148 61288.625000
410000.000000 16720649216.000000 12112.257812 61059.992188
411000.000000 16732636160.000000 11862.252930 60836.890625
412000.000000 16744373248.000000 11611.091797 60619.289062
413000.000000 16755858432.000000 11358.804688 60407.128906
414000.000000 16767090688.000000 11105.420898 60200.382812
415000.000000 16778068992.000000 10850.970703 59999.015625
416000.000000 16788792320.000000 10595.482422 59802.976562
417000.000000 16799259648.000000 10338.985352 59612.234375
418000.000000 16809469952.000000 10081.508789 59426.746094
419000.000000 16819422208.000000 9823.080078 59246.484375
420000.000000 16829115392.000000 9563.728516 59071.406250
421000.000000 16838549504.000000 9303.481445 58901.484375
422000.000000 16847722496.000000 9042.366211 58736.664062
423000.000000 16856634368.000000 8780.411133 58576.937500
424000.000000 16865283072.000000 8517.642578 58422.257812
425000.000000 16873668608.000000 8254.088867 58272.613281
426000.000000 16881790976.000000 7989.776855 58127.960938
427000.000000 16889648128.000000 7724.732910 57988.261719
428000.000000 16897240064.000000 7458.983398 57853.503906
429000.000000 16904565760.000000 7192.555176 57723.652344
430000.000000 16911625216.000000 6925.474121 57598.687500
431000.000000 16918416384.000000 6657.766602 57478.570312
432000.000000 16924940288.000000 6389.458496 57363.300781
433000.000000 16931194880.000000 6120.575684 57252.828125
434000.000000 16937181184.000000 5851.143555 57147.156250
435000.000000 16942897152.000000 5581.187988 57046.238281
436000.000000 16948342784.000000 5310.733887 56950.074219
437000.000000 16953518080.000000 5039.806641 56858.640625
438000.000000 16958422016.000000 4768.431152 56771.910156
439000.000000 16963054592.000000 4496.632812 56689.875000
440000.000000 16967414784.000000 4224.436523 56612.507812
441000.000000 16971502592.000000 3951.866699 56539.804688
442000.000000 16975318016.000000 3678.947998 56471.746094
443000.000000 16978860032.000000 3405.705322 56408.308594
444000.000000 16982128640.000000 3132.163086 56349.496094
445000.000000 16985123840.000000 2858.345703 56295.289062
446000.000000 16987845632.000000 2584.277588 56245.667969
447000.000000 16990292992.000000 2309.982910 56200.625000
448000.000000 16992465920.000000 2035.486084 56160.160156
449000.000000 16994364416.000000 1760.811157 56124.261719
450000.000000 16995987456.000000 1485.982300 56092.917969
451000.000000 16997336064.000000 1211.023682 56066.140625
452000.000000 16998409216.000000 935.959351 56043.902344
453000.000000 16999207936.000000 660.813354 56026.214844
454000.000000 16999731200.000000 385.609711 56013.054688
455000.000000 16999979008.000000 110.372498 56004.433594
456000.000000 16999951360.000000 -164.874390 56000.351562
457000.000000 16999649280.000000 -440.106812 56000.808594
458000.000000 16999071744.000000 -715.300903 56005.781250
459000.000000 16998218752.000000 -990.432678 56015.296875
460000.000000 16997090304.000000 -1265.478027 56029.351562
461000.000000 16995687424.000000 -1540.412842 56047.953125
462000.000000 16994009088.000000 -1815.213135 56071.089844
463000.000000 16992056320.000000 -2089.854736 56098.785156
464000.000000 16989829120.000000 -2364.313477 56131.027344
465000.000000 16987327488.000000 -2638.565186 56167.828125
466000.000000 16984551424.000000 -2912.585449 56209.195312
467000.000000 16981501952.000000 -3186.350098 56255.148438
468000.000000 16978179072.000000 -3459.834961 56305.675781
469000.000000 16974582784.000000 -3733.015137 56360.796875
470000.000000 16970713088.000000 -4005.866455 56420.527344
471000.000000 16966571008.000000 -4278.364258 56484.882812
472000.000000 16962156544.000000 -4550.483887 56553.863281
473000.000000 16957469696.000000 -4822.200195 56627.492188
474000.000000 16952511488.000000 -5093.488281 56705.792969
475000.000000 16947282944.000000 -5364.323730 56788.765625
476000.000000 16941783040.000000 -5634.681152 56876.421875
477000.000000 16936013824.000000 -5904.535156 56968.804688
478000.000000 16929974272.000000 -6173.860352 57065.902344
479000.000000 16923666432.000000 -6442.630859 57167.761719
480000.000000 16917089280.000000 -6710.821777 57274.378906
481000.000000 16910244864.000000 -6978.406738 57385.804688
482000.000000 16903133184.000000 -7245.360352 57502.031250
483000.000000 16895754240.000000 -7511.655762 57623.097656
484000.000000 16888110080.000000 -7777.267090 57749.039062
485000.000000 16880200704.000000 -8042.167969 57879.851562
486000.000000 16872026112.000000 -8306.332031 58015.582031
487000.000000 16863588352.000000 -8569.732422 58156.261719
488000.000000 16854887424.000000 -8832.341797 58301.902344
489000.000000 16845924352.000000 -9094.132812 58452.542969
490000.000000 16836700160.000000 -9355.078125 58608.207031
491000.000000 16827214848.000000 -9615.150391 58768.929688
492000.000000 16817470464.000000 -9874.321289 58934.753906
493000.000000 16807467008.000000 -10132.563477 59105.691406
494000.000000 16797205504.000000 -10389.848633 59281.792969
495000.000000 16786686976.000000 -10646.147461 59463.093750
496000.000000 16775913472.000000 -10901.432617 59649.625000
497000.000000 16764884992.000000 -11155.673828 59841.406250
498000.000000 16753602560.000000 -11408.842773 60038.492188
499000.000000 16742067200.000000 -11660.909180 60240.925781
500000.000000 16730280960.000000 -11911.843750 60448.742188
501000.000000 16718243840.000000 -12161.616211 60661.968750
502000.000000 16705957888.000000 -12410.196289 60880.667969
503000.000000 16693424128.000000 -12657.553711 61104.863281
504000.000000 16680643584.000000 -12903.657227 61334.601562
505000.000000 16667617280.000000 -13148.476562 61569.929688
506000.000000 16654347264.000000 -13391.979492 61810.902344
507000.000000 16640834560.000000 -13634.134766 62057.546875
508000.000000 16627080192.000000 -13874.910156 62309.914062
509000.000000 16613085184.000000 -14114.273438 62568.066406
510000.000000 16598851584.000000 -14352.191406 62832.046875
511000.000000 16584381440.000000 -14588.631836 63101.906250
512000.000000 16569674752.000000 -14823.560547 63377.671875
513000.000000 16554734592.000000 -15056.944336 63659.433594
514000.000000 16539561984.000000 -15288.749023 63947.203125
515000.000000 16524157952.000000 -15518.940430 64241.054688
516000.000000 16508524544.000000 -15747.484375 64541.042969
517000.000000 16492663808.000000 -15974.344727 64847.222656
518000.000000 16476576768.000000 -16199.487305 65159.636719
519000.000000 16460265472.000000 -16422.875000 65478.351562
520000.000000 16443731968.000000 -16644.472656 65803.421875
521000.000000 16426977280.000000 -16864.244141 66134.906250
522000.000000 16410003456.000000 -17082.152344 66472.867188
523000.000000 16392813568.000000 -17298.158203 66817.359375
524000.000000 16375408640.000000 -17512.226562 67168.429688
525000.000000 16357789696.000000 -17724.318359 67526.140625
526000.000000 16339959808.000000 -17934.394531 67890.585938
527000.000000 16321921024.000000 -18142.417969 68261.804688
528000.000000 16303675392.000000 -18348.347656 68639.851562
529000.000000 16285224960.000000 -18552.146484 69024.789062
530000.000000 16266571776.000000 -18753.771484 69416.687500
531000.000000 16247717888.000000 -18953.183594 69815.601562
532000.000000 16228666368.000000 -19150.343750 70221.617188
533000.000000 16209418240.000000 -19345.208984 70634.765625
534000.000000 16189976576.000000 -19537.738281 71055.148438
535000.000000 16170343424.000000 -19727.888672 71482.804688
536000.000000 16150521856.000000 -19915.619141 71917.812500
537000.000000 16130512896.000000 -20100.886719 72360.218750
538000.000000 16110320640.000000 -20283.646484 72810.125000
539000.000000 16089947136.000000 -20463.857422 73267.562500
540000.000000 16069394432.000000 -20641.472656 73732.609375
541000.000000 16048665600.000000 -20816.449219 74205.335938
542000.000000 16027762688.000000 -20988.744141 74685.796875
543000.000000 16006688768.000000 -21158.310547 75174.085938
544000.000000 15985446912.000000 -21325.101562 75670.250000
545000.000000 15964039168.000000 -21489.072266 76174.351562
546000.000000 15942469632.000000 -21650.175781 76686.468750
547000.000000 15920740352.000000 -21808.367188 77206.648438
548000.000000 15898854400.000000 -21963.597656 77734.960938
549000.000000 15876814848.000000 -22115.820312 78271.476562
550000.000000 15854623744.000000 -22264.986328 78816.250000
551000.000000 15832285184.000000 -22411.048828 79369.375000
552000.000000 15809802240.000000 -22553.957031 79930.890625
553000.000000 15787177984.000000 -22693.664062 80500.851562
554000.000000 15764415488.000000 -22830.119141 81079.328125
555000.000000 15741518848.000000 -22963.273438 81666.382812
556000.000000 15718490112.000000 -23093.076172 82262.046875
557000.000000 15695333376.000000 -23219.476562 82866.414062
558000.000000 15672051712.000000 -23342.425781 83479.523438
559000.000000 15648649216.000000 -23461.871094 84101.429688
560000.000000 15625128960.000000 -23577.761719 84732.187500
561000.000000 15601495040.000000 -23690.046875 85371.835938
562000.000000 15577750528.000000 -23798.673828 86020.429688
563000.000000 15553899520.000000 -23903.591797 86678.015625
564000.000000 15529945088.000000 -24004.746094 87344.632812
565000.000000 15505891328.000000 -24102.085938 88020.343750
566000.000000 15481742336.000000 -24195.558594 88705.179688
567000.000000 15457501184.000000 -24285.111328 89399.171875
568000.000000 15433172992.000000 -24370.691406 90102.375000
569000.000000 15408760832.000000 -24452.246094 90814.781250
570000.000000 15384269824.000000 -24529.720703 91536.460938
571000.000000 15359703040.000000 -24603.062500 92267.390625
572000.000000 15335064576.000000 -24672.218750 93007.632812
573000.000000 15310359552.000000 -24737.134766 93757.203125
574000.000000 15285592064.000000 -24797.757812 94516.085938
575000.000000 15260766208.000000 -24854.033203 95284.304688
576000.000000 15235886080.000000 -24905.910156 96061.859375
577000.000000 15210955776.000000 -24953.332031 96848.765625
578000.000000 15185980416.000000 -24996.248047 97645.031250
579000.000000 15160965120.000000 -25034.603516 98450.632812
580000.000000 15135912960.000000 -25068.345703 99265.523438
581000.000000 15110830080.000000 -25097.421875 100089.742188
582000.000000 15085720576.000000 -25121.781250 100923.210938
583000.000000 15060588544.000000 -25141.369141 101765.921875
584000.000000 15035439104.000000 -25156.134766 102617.859375
585000.000000 15010277376.000000 -25166.025391 103478.968750
586000.000000 14985108480.000000 -25170.990234 104349.195312
587000.000000 14959937536.000000 -25170.978516 105228.460938
588000.000000 14934768640.000000 -25165.939453 106116.710938
589000.000000 14909606912.000000 -25155.822266 107013.898438
590000.000000 14884458496.000000 -25140.578125 107919.945312
591000.000000 14859327488.000000 -25120.160156 108834.726562
592000.000000 14834220032.000000 -25094.517578 109758.179688
593000.000000 14809140224.000000 -25063.603516 110690.179688
594000.000000 14784094208.000000 -25027.373047 111630.648438
595000.000000 14759087104.000000 -24985.779297 112579.437500
596000.000000 14734124032.000000 -24938.775391 113536.421875
597000.000000 14709211136.000000 -24886.320312 114501.468750
598000.000000 14684353536.000000 -24828.369141 115474.414062
599000.000000 14659556352.000000 -24764.878906 116455.101562
600000.000000 14634825728.000000 -24695.810547 117443.382812
601000.000000 14610166784.000000 -24621.123047 118439.046875
602000.000000 14585585664.000000 -24540.777344 119441.929688
603000.000000 14561087488.000000 -24454.736328 120451.804688
604000.000000 14536678400.000000 -24362.964844 121468.484375
605000.000000 14512363520.000000 -24265.427734 122491.726562
606000.000000 14488148992.000000 -24162.091797 123521.320312
607000.000000 14464040960.000000 -24052.925781 124557.007812
608000.000000 14440045568.000000 -23937.898438 125598.500000
609000.000000 14416167936.000000 -23816.980469 126645.531250
610000.000000 14392414208.000000 -23690.148438 127697.828125
611000.000000 14368789504.000000 -23557.375000 128755.093750
612000.000000 14345300992.000000 -23418.636719 129817.054688
613000.000000 14321953792.000000 -23273.914062 130883.335938
614000.000000 14298755072.000000 -23123.185547 131953.625000
615000.000000 14275709952.000000 -22966.435547 133027.531250
616000.000000 14252824576.000000 -22803.650391 134104.734375
617000.000000 14230105088.000000 -22634.816406 135184.828125
618000.000000 14207557632.000000 -22459.923828 136267.453125
619000.000000 14185187328.000000 -22278.962891 137352.171875
620000.000000 14163001344.000000 -22091.929688 138438.625000
621000.000000 14141005824.000000 -21898.820312 139526.343750
622000.000000 14119205888.000000 -21699.634766 140614.843750
623000.000000 14097608704.000000 -21494.375000 141703.750000
624000.000000 14076219392.000000 -21283.044922 142792.500000
625000.000000 14055044096.000000 -21065.654297 143880.703125
626000.000000 14034089984.000000 -20842.210938 144967.828125
627000.000000 14013362176.000000 -20612.730469 146053.312500
628000.000000 13992866816.000000 -20377.226562 147136.671875
629000.000000 13972610048.000000 -20135.720703 148217.390625
630000.000000 13952598016.000000 -19888.234375 149294.906250
631000.000000 13932835840.000000 -19634.794922 150368.640625
632000.000000 13913330688.000000 -19375.429688 151438.078125
633000.000000 13894087680.000000 -19110.169922 152502.562500
634000.000000 13875112960.000000 -18839.052734 153561.562500
635000.000000 13856411648.000000 -18562.115234 154614.437500
636000.000000 13837990912.000000 -18279.398438 155660.640625
637000.000000 13819854848.000000 -17990.949219 156699.453125
638000.000000 13802010624.000000 -17696.816406 157730.343750
639000.000000 13784463360.000000 -17397.052734 158752.609375
640000.000000 13767218176.000000 -17091.712891 159765.625000
641000.000000 13750281216.000000 -16780.857422 160768.781250
642000.000000 13733657600.000000 -16464.548828 161761.359375
643000.000000 13717353472.000000 -16142.853516 162742.734375
644000.000000 13701373952.000000 -15815.841797 163712.187500
645000.000000 13685724160.000000 -15483.586914 164669.093750
646000.000000 13670409216.000000 -15146.166992 165612.750000
647000.000000 13655434240.000000 -14803.663086 166542.515625
648000.000000 13640804352.000000 -14456.160156 167457.687500
649000.000000 13626523648.000000 -14103.746094 168357.625000
650000.000000 13612598272.000000 -13746.512695 169241.671875
651000.000000 13599032320.000000 -13384.554688 170109.093750
652000.000000 13585830912.000000 -13017.971680 170959.265625
653000.000000 13572998144.000000 -12646.866211 171791.500000
654000.000000 13560539136.000000 -12271.343750 172605.140625
655000.000000 13548456960.000000 -11891.513672 173399.515625
656000.000000 13536756736.000000 -11507.489258 174174.062500
657000.000000 13525442560.000000 -11119.385742 174928.093750
658000.000000 13514518528.000000 -10727.323242 175660.968750
659000.000000 13503988736.000000 -10331.423828 176372.062500
660000.000000 13493857280.000000 -9931.813477 177060.765625
661000.000000 13484127232.000000 -9528.621094 177726.468750
662000.000000 13474801664.000000 -9121.977539 178368.625000
663000.000000 13465884672.000000 -8712.018555 178986.703125
664000.000000 13457379328.000000 -8298.880859 179580.109375
665000.000000 13449288704.000000 -7882.705566 180148.312500
666000.000000 13441614848.000000 -7463.634766 180690.828125
667000.000000 13434361856.000000 -7041.813965 181207.203125
668000.000000 13427531776.000000 -6617.391113 181696.875000
669000.000000 13421127680.000000 -6190.515625 182159.468750
670000.000000 13415151616.000000 -5761.339844 182594.484375
671000.000000 13409605632.000000 -5330.018066 183001.546875
672000.000000 13404491776.000000 -4896.706543 183380.281250
673000.000000 13399812096.000000 -4461.563477 183730.359375
674000.000000 13395568640.000000 -4024.747803 184051.406250
675000.000000 13391762432.000000 -3586.420898 184343.109375
676000.000000 13388395520.000000 -3146.745117 184605.234375
677000.000000 13385468928.000000 -2705.884277 184837.468750
678000.000000 13382983680.000000 -2264.003174 185039.625000
679000.000000 13380940800.000000 -1821.267578 185211.500000
680000.000000 13379341312.000000 -1377.843994 185352.921875
681000.000000 13378185216.000000 -933.899658 185463.734375
682000.000000 13377473536.000000 -489.602112 185543.890625
683000.000000 13377206272.000000 -45.119446 185593.250000
684000.000000 13377383424.000000 399.380402 185611.796875
685000.000000 13378004992.000000 843.729004 185599.500000
686000.000000 13379070976.000000 1287.758545 185556.390625
687000.000000 13380580352.000000 1731.301270 185482.484375
688000.000000 13382533120.000000 2174.189941 185377.890625
689000.000000 13384928256.000000 2616.257812 185242.671875
690000.000000 13387764736.000000 3057.339600 185077.000000
691000.000000 13391042560.000000 3497.269775 184881.015625
692000.000000 13394759680.000000 3935.884277 184654.859375
693000.000000 13398914048.000000 4373.020508 184398.781250
694000.000000 13403504640.000000 4808.517090 184113.093750
695000.000000 13408530432.000000 5242.213867 183798.015625
696000.000000 13413988352.000000 5673.953125 183453.828125
697000.000000 13419877376.000000 6103.578125 183080.906250
698000.000000 13426194432.000000 6530.934082 182679.546875
699000.000000 13432938496.000000 6955.868652 182250.203125
700000.000000 13440105472.000000 7378.230957 181793.156250
701000.000000 13447693312.000000 7797.873047 181308.968750
702000.000000 13455699968.000000 8214.649414 180798.031250
703000.000000 13464121344.000000 8628.416016 180260.765625
704000.000000 13472955392.000000 9039.032227 179697.734375
705000.000000 13482198016.000000 9446.360352 179109.375000
706000.000000 13491846144.000000 9850.265625 178496.281250
707000.000000 13501896704.000000 10250.615234 177858.968750
708000.000000 13512345600.000000 10647.279297 177197.984375
709000.000000 13523189760.000000 11040.131836 176513.921875
710000.000000 13534425088.000000 11429.049805 175807.328125
711000.000000 13546046464.000000 11813.913086 175078.828125
712000.000000 13558050816.000000 12194.605469 174329.093750
713000.000000 13570434048.000000 12571.012695 173558.703125
714000.000000 13583191040.000000 12943.025391 172768.265625
715000.000000 13596317696.000000 13310.536133 171958.500000
716000.000000 13609809920.000000 13673.442383 171130.000000
717000.000000 13623662592.000000 14031.644531 170283.421875
718000.000000 13637871616.000000 14385.046875 169419.453125
719000.000000 13652430848.000000 14733.555664 168538.718750
720000.000000 13667336192.000000 15077.083008 167641.968750
721000.000000 13682582528.000000 15415.542969 166729.828125
722000.000000 13698164736.000000 15748.854492 165802.968750
723000.000000 13714077696.000000 16076.938477 164862.078125
724000.000000 13730316288.000000 16399.720703 163907.812500
725000.000000 13746875392.000000 16717.130859 162940.843750
726000.000000 13763748864.000000 17029.101562 161961.843750
727000.000000 13780931584.000000 17335.568359 160971.500000
728000.000000 13798418432.000000 17636.470703 159970.453125
729000.000000 13816203264.000000 17931.751953 158959.359375
730000.000000 13834279936.000000 18221.359375 157938.906250
731000.000000 13852643328.000000 18505.244141 156909.734375
732000.000000 13871288320.000000 18783.361328 155872.468750
733000.000000 13890208768.000000 19055.666016 154827.703125
734000.000000 13909398528.000000 19322.119141 153776.093750
735000.000000 13928851456.000000 19582.685547 152718.250000
736000.000000 13948562432.000000 19837.332031 151654.796875
737000.000000 13968524288.000000 20086.029297 150586.281250
738000.000000 13988731904.000000 20328.751953 149513.375000
739000.000000 14009179136.000000 20565.476562 148436.578125
740000.000000 14029860864.000000 20796.181641 147356.484375
741000.000000 14050769920.000000 21020.851562 146273.562500
742000.000000 14071900160.000000 21239.472656 145188.453125
743000.000000 14093246464.000000 21452.035156 144101.656250
744000.000000 14114802688.000000 21658.529297 143013.640625
745000.000000 14136561664.000000 21858.949219 141924.906250
746000.000000 14158518272.000000 22053.292969 140836.015625
747000.000000 14180666368.000000 22241.560547 139747.375000
748000.000000 14202999808.000000 22423.753906 138659.453125
749000.000000 14225512448.000000 22599.878906 137572.703125
750000.000000 14248198144.000000 22769.943359 136487.562500
751000.000000 14271050752.000000 22933.955078 135404.453125
752000.000000 14294064128.000000 23091.927734 134323.781250
753000.000000 14317232128.000000 23243.876953 133245.953125
754000.000000 14340549632.000000 23389.818359 132171.359375
755000.000000 14364009472.000000 23529.769531 131100.296875
756000.000000 14387606528.000000 23663.751953 130033.203125
757000.000000 14411334656.000000 23791.789062 128970.359375
758000.000000 14435187712.000000 23913.904297 127912.109375
759000.000000 14459160576.000000 24030.125000 126858.773438
760000.000000 14483246080.000000 24140.478516 125810.609375
761000.000000 14507439104.000000 24244.996094 124767.976562
762000.000000 14531733504.000000 24343.707031 123731.109375
763000.000000 14556124160.000000 24436.646484 122700.281250
764000.000000 14580604928.000000 24523.847656 121675.718750
765000.000000 14605169664.000000 24605.345703 120657.679688
766000.000000 14629813248.000000 24681.179688 119646.406250
767000.000000 14654529536.000000 24751.386719 118642.085938
768000.000000 14679313408.000000 24816.005859 117644.945312
769000.000000 14704159744.000000 24875.078125 116655.164062
770000.000000 14729062400.000000 24928.646484 115672.898438
771000.000000 14754015232.000000 24976.753906 114698.351562
772000.000000 14779014144.000000 25019.443359 113731.703125
773000.000000 14804052992.000000 25056.759766 112773.054688
774000.000000 14829126656.000000 25088.748047 111822.585938
775000.000000 14854228992.000000 25115.457031 110880.406250
776000.000000 14879355904.000000 25136.931641 109946.679688
777000.000000 14904501248.000000 25153.220703 109021.468750
778000.000000 14929660928.000000 25164.375000 108104.914062
779000.000000 14954828800.000000 25170.441406 107197.078125
780000.000000 14979999744.000000 25171.470703 106298.085938
781000.000000 15005169664.000000 25167.511719 105408.015625
782000.000000 15030333440.000000 25158.617188 104526.914062
783000.000000 15055485952.000000 25144.837891 103654.843750
784000.000000 15080622080.000000 25126.224609 102791.875000
785000.000000 15105736704.000000 25102.830078 101938.070312
786000.000000 15130825728.000000 25074.707031 101093.476562
787000.000000 15155884032.000000 25041.906250 100258.117188
788000.000000 15180907520.000000 25004.482422 99432.031250
789000.000000 15205891072.000000 24962.488281 98615.234375
790000.000000 15230830592.000000 24915.976562 97807.757812
791000.000000 15255720960.000000 24865.000000 97009.609375
792000.000000 15280559104.000000 24809.613281 96220.804688
793000.000000 15305338880.000000 24749.867188 95441.320312
794000.000000 15330057216.000000 24685.818359 94671.210938
795000.000000 15354708992.000000 24617.519531 93910.421875
796000.000000 15379290112.000000 24545.023438 93158.984375
797000.000000 15403797504.000000 24468.382812 92416.867188
798000.000000 15428226048.000000 24387.652344 91684.023438
799000.000000 15452571648.000000 24302.884766 90960.476562
800000.000000 15476830208.000000 24214.132812 90246.187500
801000.000000 15500998656.000000 24121.451172 89541.132812
802000.000000 15525071872.000000 24024.890625 88845.265625
803000.000000 15549046784.000000 23924.505859 88158.578125
804000.000000 15572919296.000000 23820.347656 87481.015625
805000.000000 15596686336.000000 23712.468750 86812.546875
806000.000000 15620343808.000000 23600.921875 86153.117188
807000.000000 15643887616.000000 23485.757812 85502.679688
808000.000000 15667314688.000000 23367.029297 84861.210938
809000.000000 15690620928.000000 23244.787109 84228.648438
810000.000000 15713803264.000000 23119.082031 83604.953125
811000.000000 15736857600.000000 22989.964844 82990.070312
812000.000000 15759781888.000000 22857.486328 82383.945312
813000.000000 15782572032.000000 22721.697266 81786.507812
814000.000000 15805224960.000000 22582.646484 81197.710938
815000.000000 15827736576.000000 22440.382812 80617.492188
816000.000000 15850104832.000000 22294.957031 80045.812500
817000.000000 15872325632.000000 22146.416016 79482.585938
818000.000000 15894396928.000000 21994.810547 78927.773438
819000.000000 15916314624.000000 21840.185547 78381.289062
820000.000000 15938076672.000000 21682.591797 77843.093750
821000.000000 15959678976.000000 21522.074219 77313.109375
822000.000000 15981119488.000000 21358.681641 76791.281250
823000.000000 16002395136.000000 21192.458984 76277.539062
824000.000000 16023502848.000000 21023.453125 75771.820312
825000.000000 16044440576.000000 20851.708984 75274.062500
826000.000000 16065205248.000000 20677.271484 74784.187500
827000.000000 16085793792.000000 20500.187500 74302.132812
828000.000000 16106204160.000000 20320.500000 73827.843750
829000.000000 16126433280.000000 20138.253906 73361.242188
830000.000000 16146479104.000000 19953.492188 72902.273438
831000.000000 16166339584.000000 19766.257812 72450.851562
832000.000000 16186011648.000000 19576.593750 72006.914062
833000.000000 16205492224.000000 19384.542969 71570.398438
834000.000000 16224779264.000000 19190.148438 71141.257812
835000.000000 16243871744.000000 18993.451172 70719.421875
836000.000000 16262765568.000000 18794.492188 70304.789062
837000.000000 16281459712.000000 18593.312500 69897.343750
838000.000000 16299951104.000000 18389.951172 69496.984375
839000.000000 16318238720.000000 18184.449219 69103.679688
840000.000000 16336319488.000000 17976.847656 68717.328125
841000.000000 16354191360.000000 17767.183594 68337.890625
842000.000000 16371853312.000000 17555.498047 67965.312500
843000.000000 16389302272.000000 17341.828125 67599.492188
844000.000000 16406536192.000000 17126.210938 67240.406250
845000.000000 16423554048.000000 16908.685547 66887.992188
846000.000000 16440352768.000000 16689.289062 66542.171875
847000.000000 16456931328.000000 16468.058594 66202.898438
848000.000000 16473287680.000000 16245.030273 65870.109375
849000.000000 16489420800.000000 16020.241211 65543.750000
850000.000000 16505327616.000000 15793.726562 65223.734375
851000.000000 16521007104.000000 15565.521484 64910.046875
852000.000000 16536458240.000000 15335.661133 64602.613281
853000.000000 16551677952.000000 15104.180664 64301.363281
854000.000000 16566666240.000000 14871.114258 64006.273438
855000.000000 16581420032.000000 14636.496094 63717.253906
856000.000000 16595938304.000000 14400.359375 63434.289062
857000.000000 16610220032.000000 14162.738281 63157.308594
858000.000000 16624263168.000000 13923.666016 62886.257812
859000.000000 16638066688.000000 13683.173828 62621.093750
860000.000000 16651628544.000000 13441.295898 62361.761719
861000.000000 16664948736.000000 13198.063477 62108.222656
862000.000000 16678024192.000000 12953.507812 61860.406250
863000.000000 16690854912.000000 12707.661133 61618.296875
864000.000000 16703438848.000000 12460.554688 61381.820312
865000.000000 16715774976.000000 12212.219727 61150.953125
866000.000000 16727862272.000000 11962.686523 60925.640625
867000.000000 16739699712.000000 11711.985352 60705.835938
868000.000000 16751286272.000000 11460.145508 60491.500000
869000.000000 16762619904.000000 11207.197266 60282.585938
870000.000000 16773700608.000000 10953.170898 60079.070312
871000.000000 16784526336.000000 10698.094727 59880.890625
872000.000000 16795096064.000000 10441.999023 59688.027344
873000.000000 16805409792.000000 10184.911133 59500.445312
874000.000000 16815465472.000000 9926.860352 59318.085938
875000.000000 16825263104.000000 9667.875000 59140.937500
876000.000000 16834800640.000000 9407.982422 58968.945312
877000.000000 16844078080.000000 9147.211914 58802.093750
878000.000000 16853094400.000000 8885.589844 58640.335938
879000.000000 16861848576.000000 8623.144531 58483.640625
880000.000000 16870340608.000000 8359.902344 58331.984375
881000.000000 16878568448.000000 8095.890625 58185.320312
882000.000000 16886532096.000000 7831.136719 58043.640625
883000.000000 16894230528.000000 7565.666504 57906.902344
884000.000000 16901662720.000000 7299.506836 57775.085938
885000.000000 16908828672.000000 7032.684570 57648.167969
886000.000000 16915727360.000000 6765.225098 57526.117188
887000.000000 16922358784.000000 6497.154785 57408.910156
888000.000000 16928721920.000000 6228.499023 57296.511719
889000.000000 16934815744.000000 5959.283691 57188.910156
890000.000000 16940640256.000000 5689.534668 57086.089844
891000.000000 16946194432.000000 5419.276855 56988.019531
892000.000000 16951478272.000000 5148.536133 56894.691406
893000.000000 16956490752.000000 4877.336914 56806.074219
894000.000000 16961231872.000000 4605.705078 56722.164062
895000.000000 16965701632.000000 4333.665039 56642.929688
896000.000000 16969899008.000000 4061.241699 56568.355469
897000.000000 16973824000.000000 3788.459717 56498.429688
898000.000000 16977475584.000000 3515.343750 56433.136719
899000.000000 16980853760.000000 3241.918457 56372.476562
900000.000000 16983958528.000000 2968.208252 56316.421875
901000.000000 16986789888.000000 2694.237549 56264.968750
902000.000000 16989346816.000000 2420.030518 56218.093750
903000.000000 16991629312.000000 2145.611572 56175.800781
904000.000000 16993637376.000000 1871.004883 56138.078125
905000.000000 16995371008.000000 1596.234741 56104.917969
906000.000000 16996830208.000000 1321.325195 56076.308594
907000.000000 16998013952.000000 1046.300171 56052.242188
908000.000000 16998922240.000000 771.183838 56032.726562
909000.000000 16999556096.000000 496.000305 56017.761719
910000.000000 16999914496.000000 220.773468 56007.316406
911000.000000 16999997440.000000 -54.472565 56001.414062
912000.000000 16999804928.000000 -329.713806 56000.046875
913000.000000 16999337984.000000 -604.926270 56003.218750
914000.000000 16998595584.000000 -880.086060 56010.910156
915000.000000 16997577728.000000 -1155.169067 56023.144531
916000.000000 16996285440.000000 -1430.151245 56039.917969
917000.000000 16994717696.000000 -1705.008545 56061.226562
918000.000000 16992875520.000000 -1979.716797 56087.089844
919000.000000 16990758912.000000 -2254.251953 56117.496094
920000.000000 16988367872.000000 -2528.589844 56152.460938
921000.000000 16985702400.000000 -2802.706299 56191.988281
922000.000000 16982762496.000000 -3076.576904 56236.089844
923000.000000 16979549184.000000 -3350.177246 56284.781250
924000.000000 16976062464.000000 -3623.482910 56338.062500
925000.000000 16972302336.000000 -3896.469482 56395.941406
926000.000000 16968269824.000000 -4169.112305 56458.441406
927000.000000 16963964928.000000 -4441.386719 56525.558594
928000.000000 16959387648.000000 -4713.268066 56597.316406
929000.000000 16954539008.000000 -4984.731445 56673.734375
930000.000000 16949419008.000000 -5255.751953 56754.820312
931000.000000 16944027648.000000 -5526.304688 56840.593750
932000.000000 16938365952.000000 -5796.364258 56931.078125
933000.000000 16932434944.000000 -6065.905273 57026.289062
934000.000000 16926234624.000000 -6334.901855 57126.234375
935000.000000 16919764992.000000 -6603.329102 57230.941406
936000.000000 16913028096.000000 -6871.160645 57340.441406
937000.000000 16906022912.000000 -7138.371094 57454.734375
938000.000000 16898751488.000000 -7404.934082 57573.867188
939000.000000 16891213824.000000 -7670.823730 57697.843750
940000.000000 16883409920.000000 -7936.013672 57826.695312
941000.000000 16875341824.000000 -8200.476562 57960.464844
942000.000000 16867009536.000000 -8464.186523 58099.152344
943000.000000 16858414080.000000 -8727.116211 58242.796875
944000.000000 16849555456.000000 -8989.239258 58391.425781
945000.000000 16840435712.000000 -9250.527344 58545.085938
946000.000000 16831054848.000000 -9510.953125 58703.777344
947000.000000 16821413888.000000 -9770.489258 58867.554688
948000.000000 16811513856.000000 -10029.107422 59036.445312
949000.000000 16801355776.000000 -10286.780273 59210.476562
950000.000000 16790940672.000000 -10543.478516 59389.687500
951000.000000 16780269568.000000 -10799.173828 59574.105469
952000.000000 16769342464.000000 -11053.837891 59763.773438
953000.000000 16758161408.000000 -11307.440430 59958.742188
954000.000000 16746727424.000000 -11559.953125 60159.031250
955000.000000 16735041536.000000 -11811.345703 60364.683594
956000.000000 16723104768.000000 -12061.587891 60575.738281
957000.000000 16710918144.000000 -12310.650391 60792.238281
958000.000000 16698483712.000000 -12558.501953 61014.226562
959000.000000 16685801472.000000 -12805.112305 61241.734375
960000.000000 16672873472.000000 -13050.451172 61474.828125
961000.000000 16659700736.000000 -13294.486328 61713.531250
962000.000000 16646284288.000000 -13537.186523 61957.902344
963000.000000 16632626176.000000 -13778.519531 62207.984375
964000.000000 16618727424.000000 -14018.453125 62463.820312
965000.000000 16604590080.000000 -14256.955078 62725.460938
966000.000000 16590214144.000000 -14493.992188 62992.941406
967000.000000 16575602688.000000 -14729.531250 63266.339844
968000.000000 16560755712.000000 -14963.539062 63545.679688
969000.000000 16545676288.000000 -15195.981445 63831.039062
970000.000000 16530364416.000000 -15426.824219 64122.441406
971000.000000 16514823168.000000 -15656.033203 64419.972656
972000.000000 16499053568.000000 -15883.573242 64723.656250
973000.000000 16483056640.000000 -16109.409180 65033.558594
974000.000000 16466835456.000000 -16333.504883 65349.750000
975000.000000 16450391040.000000 -16555.824219 65672.257812
976000.000000 16433724416.000000 -16776.332031 66001.156250
977000.000000 16416838656.000000 -16994.992188 66336.515625
978000.000000 16399734784.000000 -17211.765625 66678.375000
979000.000000 16382415872.000000 -17426.615234 67026.812500
980000.000000 16364882944.000000 -17639.503906 67381.851562
981000.000000 16347138048.000000 -17850.394531 67743.585938
982000.000000 16329183232.000000 -18059.246094 68112.062500
983000.000000 16311020544.000000 -18266.021484 68487.351562
984000.000000 16292652032.000000 -18470.679688 68869.515625
985000.000000 16274079744.000000 -18673.181641 69258.609375
986000.000000 16255305728.000000 -18873.488281 69654.710938
987000.000000 16236333056.000000 -19071.556641 70057.875000
988000.000000 16217163776.000000 -19267.347656 70468.156250
989000.000000 16197799936.000000 -19460.818359 70885.625000
990000.000000 16178243584.000000 -19651.927734 71310.343750
991000.000000 16158496768.000000 -19840.634766 71742.390625
992000.000000 16138562560.000000 -20026.894531 72181.828125
993000.000000 16118444032.000000 -20210.666016 72628.726562
994000.000000 16098142208.000000 -20391.904297 73083.125000
995000.000000 16077661184.000000 -20570.566406 73545.125000
996000.000000 16057001984.000000 -20746.607422 74014.757812
997000.000000 16036168704.000000 -20919.982422 74492.125000
998000.000000 16015163392.000000 -21090.648438 74977.265625
999000.000000 15993988096.000000 -21258.558594 75470.250000
1000000.000000 15972646912.000000 -21423.666016 75971.171875
1001000.000000 15951141888.000000 -21585.925781 76480.062500
1002000.000000 15929476096.000000 -21745.291016 76997.000000
1003000.000000 15907652608.000000 -21901.714844 77522.046875
1004000.000000 15885673472.000000 -22055.150391 78055.265625
1005000.000000 15863542784.000000 -22205.548828 78596.734375
1006000.000000 15841263616.000000 -22352.861328 79146.507812
1007000.000000 15818838016.000000 -22497.041016 79704.632812
1008000.000000 15796270080.000000 -22638.037109 80271.203125
1009000.000000 15773562880.000000 -22775.802734 80846.257812
1010000.000000 15750719488.000000 -22910.287109 81429.859375
1011000.000000 15727742976.000000 -23041.439453 82022.062500
1012000.000000 15704637440.000000 -23169.210938 82622.945312
1013000.000000 15681405952.000000 -23293.550781 83232.531250
1014000.000000 15658051584.000000 -23414.408203 83850.890625
1015000.000000 15634578432.000000 -23531.730469 84478.085938
1016000.000000 15610989568.000000 -23645.468750 85114.156250
1017000.000000 15587289088.000000 -23755.570312 85759.156250
1018000.000000 15563480064.000000 -23861.982422 86413.125000
1019000.000000 15539566592.000000 -23964.652344 87076.125000
1020000.000000 15515551744.000000 -24063.529297 87748.187500
1021000.000000 15491440640.000000 -24158.560547 88429.375000
1022000.000000 15467236352.000000 -24249.693359 89119.687500
1023000.000000 15442942976.000000 -24336.875000 89819.179688
1024000.000000 15418564608.000000 -24420.050781 90527.875000
1025000.000000 15394104320.000000 -24499.167969 91245.812500
1026000.000000 15369567232.000000 -24574.173828 91973.039062
1027000.000000 15344957440.000000 -24645.015625 92709.554688
1028000.000000 15320279040.000000 -24711.638672 93455.367188
1029000.000000 15295536128.000000 -24773.990234 94210.500000
1030000.000000 15270732800.000000 -24832.017578 94974.968750
1031000.000000 15245873152.000000 -24885.666016 95748.789062
1032000.000000 15220962304.000000 -24934.880859 96531.968750
1033000.000000 15196004352.000000 -24979.611328 97324.484375
1034000.000000 15171004416.000000 -25019.802734 98126.343750
1035000.000000 15145966592.000000 -25055.402344 98937.515625
1036000.000000 15120894976.000000 -25086.357422 99757.992188
1037000.000000 15095794688.000000 -25112.615234 100587.773438
1038000.000000 15070670848.000000 -25134.123047 101426.812500
1039000.000000 15045527552.000000 -25150.828125 102275.062500
1040000.000000 15020369920.000000 -25162.679688 103132.507812
1041000.000000 14995203072.000000 -25169.625000 103999.085938
1042000.000000 14970032128.000000 -25171.615234 104874.742188
1043000.000000 14944861184.000000 -25168.597656 105759.406250
1044000.000000 14919696384.000000 -25160.523438 106653.039062
1045000.000000 14894541824.000000 -25147.341797 107555.531250
1046000.000000 14869403648.000000 -25129.003906 108466.828125
1047000.000000 14844285952.000000 -25105.462891 109386.804688
1048000.000000 14819194880.000000 -25076.669922 110315.390625
1049000.000000 14794134528.000000 -25042.578125 111252.460938
1050000.000000 14769111040.000000 -25003.140625 112197.937500
1051000.000000 14744129536.000000 -24958.312500 113151.648438
1052000.000000 14719196160.000000 -24908.048828 114113.492188
1053000.000000 14694316032.000000 -24852.306641 115083.273438
1054000.000000 14669494272.000000 -24791.042969 116060.867188
1055000.000000 14644736000.000000 -24724.216797 117046.109375
1056000.000000 14620047360.000000 -24651.787109 118038.843750
1057000.000000 14595434496.000000 -24573.714844 119038.867188
1058000.000000 14570902528.000000 -24489.962891 120045.953125
1059000.000000 14546456576.000000 -24400.494141 121059.929688
1060000.000000 14522102784.000000 -24305.273438 122080.585938
1061000.000000 14497847296.000000 -24204.267578 123107.679688
1062000.000000 14473696256.000000 -24097.443359 124140.953125
1063000.000000 14449654784.000000 -23984.769531 125180.132812
1064000.000000 14425729024.000000 -23866.216797 126224.984375
1065000.000000 14401924096.000000 -23741.759766 127275.210938
1066000.000000 14378247168.000000 -23611.371094 128330.562500
1067000.000000 14354703360.000000 -23475.027344 129390.664062
1068000.000000 14331298816.000000 -23332.707031 130455.250000
1069000.000000 14308039680.000000 -23184.388672 131523.968750
1070000.000000 14284932096.000000 -23030.056641 132596.484375
1071000.000000 14261982208.000000 -22869.693359 133672.406250
1072000.000000 14239195136.000000 -22703.287109 134751.375000
1073000.000000 14216578048.000000 -22530.824219 135833.062500
1074000.000000 14194136064.000000 -22352.296875 136916.984375
1075000.000000 14171875328.000000 -22167.699219 138002.781250
1076000.000000 14149801984.000000 -21977.027344 139090.046875
1077000.000000 14127923200.000000 -21780.277344 140178.328125
1078000.000000 14106244096.000000 -21577.453125 141267.109375
1079000.000000 14084770816.000000 -21368.556641 142355.968750
1080000.000000 14063509504.000000 -21153.595703 143444.453125
1081000.000000 14042466304.000000 -20932.578125 144532.031250
1082000.000000 14021646336.000000 -20705.517578 145618.218750
1083000.000000 14001056768.000000 -20472.427734 146702.546875
1084000.000000 13980703744.000000 -20233.326172 147784.406250
1085000.000000 13960592384.000000 -19988.236328 148863.250000
1086000.000000 13940728832.000000 -19737.181641 149938.593750
1087000.000000 13921119232.000000 -19480.187500 151009.843750
1088000.000000 13901769728.000000 -19217.287109 152076.437500
1089000.000000 13882686464.000000 -18948.513672 153137.734375
1090000.000000 13863874560.000000 -18673.904297 154193.156250
1091000.000000 13845340160.000000 -18393.500000 155242.125000
1092000.000000 13827089408.000000 -18107.343750 156284.000000
1093000.000000 13809127424.000000 -17815.484375 157318.140625
1094000.000000 13791460352.000000 -17517.970703 158343.953125
1095000.000000 13774093312.000000 -17214.859375 159360.765625
1096000.000000 13757032448.000000 -16906.207031 160367.953125
1097000.000000 13740282880.000000 -16592.076172 161364.828125
1098000.000000 13723849728.000000 -16272.531250 162350.750000
1099000.000000 13707739136.000000 -15947.641602 163325.093750
1100000.000000 13691956224.000000 -15617.479492 164287.125000
1101000.000000 13676506112.000000 -15282.120117 165236.187500
1102000.000000 13661393920.000000 -14941.644531 166171.625000
1103000.000000 13646624768.000000 -14596.134766 167092.750000
1104000.000000 13632203776.000000 -14245.677734 167998.890625
1105000.000000 13618135040.000000 -13890.364258 168889.375000
1106000.000000 13604424704.000000 -13530.288086 169763.562500
1107000.000000 13591076864.000000 -13165.545898 170620.718750
1108000.000000 13578095616.000000 -12796.240234 171460.203125
1109000.000000 13565486080.000000 -12422.474609 172281.390625
1110000.000000 13553252352.000000 -12044.357422 173083.578125
1111000.000000 13541398528.000000 -11662.000000 173866.156250
1112000.000000 13529929728.000000 -11275.516602 174628.484375
1113000.000000 13518849024.000000 -10885.025391 175369.859375
1114000.000000 13508160512.000000 -10490.648438 176089.750000
1115000.000000 13497868288.000000 -10092.509766 176787.531250
1116000.000000 13487976448.000000 -9690.736328 177462.562500
1117000.000000 13478488064.000000 -9285.458984 178114.250000
1118000.000000 13469406208.000000 -8876.811523 178742.078125
1119000.000000 13460734976.000000 -8464.930664 179345.468750
1120000.000000 13452477440.000000 -8049.954590 179923.875000
1121000.000000 13444636672.000000 -7632.025391 180476.765625
1122000.000000 13437214720.000000 -7211.288086 181003.640625
1123000.000000 13430214656.000000 -6787.888672 181504.078125
1124000.000000 13423639552.000000 -6361.976562 181977.593750
1125000.000000 13417491456.000000 -5933.703125 182423.703125
1126000.000000 13411772416.000000 -5503.221680 182842.031250
1127000.000000 13406485504.000000 -5070.687500 183232.203125
1128000.000000 13401631744.000000 -4636.257812 183593.781250
1129000.000000 13397213184.000000 -4200.091797 183926.484375
1130000.000000 13393231872.000000 -3762.349609 184230.000000
1131000.000000 13389688832.000000 -3323.193604 184503.984375
1132000.000000 13386586112.000000 -2882.786621 184748.218750
1133000.000000 13383923712.000000 -2441.293457 184962.421875
1134000.000000 13381703680.000000 -1998.879395 185146.468750
1135000.000000 13379926016.000000 -1555.710571 185300.093750
1136000.000000 13378591744.000000 -1111.953735 185423.218750
1137000.000000 13377701888.000000 -667.776245 185515.703125
1138000.000000 13377256448.000000 -223.346191 185577.406250
1139000.000000 13377255424.000000 221.168335 185608.312500
1140000.000000 13377698816.000000 665.598999 185608.375000
1141000.000000 13378586624.000000 1109.777954 185577.625000
1142000.000000 13379917824.000000 1553.537354 185516.062500
1143000.000000 13381693440.000000 1996.709717 185423.781250
1144000.000000 13383911424.000000 2439.128174 185300.796875
1145000.000000 13386571776.000000 2880.626465 185147.312500
1146000.000000 13389672448.000000 3321.039062 184963.406250
1147000.000000 13393213440.000000 3760.201660 184749.343750
1148000.000000 13397192704.000000 4197.951172 184505.250000
1149000.000000 13401609216.000000 4634.125488 184231.406250
1150000.000000 13406460928.000000 5068.563965 183928.031250
1151000.000000 13411745792.000000 5501.107910 183595.468750
1152000.000000 13417462784.000000 5931.600098 183234.015625
1153000.000000 13423608832.000000 6359.884766 182843.984375
1154000.000000 13430181888.000000 6785.808594 182425.796875
1155000.000000 13437179904.000000 7209.220703 181979.812500
1156000.000000 13444599808.000000 7629.971680 181506.437500
1157000.000000 13452438528.000000 8047.914551 181006.125000
1158000.000000 13460694016.000000 8462.905273 180479.375000
1159000.000000 13469363200.000000 8874.801758 179926.625000
1160000.000000 13478443008.000000 9283.464844 179348.343750
1161000.000000 13487929344.000000 9688.758789 178745.062500
1162000.000000 13497819136.000000 10090.549805 178117.359375
1163000.000000 13508109312.000000 10488.707031 177465.796875
1164000.000000 13518795776.000000 10883.102539 176790.875000
1165000.000000 13529874432.000000 11273.612305 176093.218750
1166000.000000 13541341184.000000 11660.115234 175373.453125
1167000.000000 13553192960.000000 12042.493164 174632.171875
1168000.000000 13565424640.000000 12420.631836 173869.968750
1169000.000000 13578032128.000000 12794.418945 173087.500000
1170000.000000 13591011328.000000 13163.747070 172285.421875
1171000.000000 13604358144.000000 13528.511719 171464.343750
1172000.000000 13618067456.000000 13888.611328 170624.890625
1173000.000000 13632134144.000000 14243.948242 169767.781250
1174000.000000 13646554112.000000 14594.429688 168893.687500
1175000.000000 13661321216.000000 14939.963867 168003.250000
1176000.000000 13676431360.000000 15280.464844 167097.203125
1177000.000000 13691880448.000000 15615.848633 166176.156250
1178000.000000 13707662336.000000 15946.036133 165240.765625
1179000.000000 13723770880.000000 16270.951172 164291.718750
1180000.000000 13740201984.000000 16590.521484 163329.781250
1181000.000000 13756950528.000000 16904.679688 162355.531250
1182000.000000 13774010368.000000 17213.359375 161369.625000
1183000.000000 13791375360.000000 17516.498047 160372.781250
1184000.000000 13809041408.000000 17814.039062 159365.671875
1185000.000000 13827002368.000000 18105.927734 158348.890625
1186000.000000 13845252096.000000 18392.111328 157323.093750
1187000.000000 13863784448.000000 18672.544922 156288.968750
1188000.000000 13882594304.000000 18947.183594 155247.171875
1189000.000000 13901676544.000000 19215.986328 154198.281250
1190000.000000 13921024000.000000 19478.916016 153142.875000
1191000.000000 13940631552.000000 19735.939453 152081.625000
1192000.000000 13960493056.000000 19987.025391 151015.125000
1193000.000000 13980603392.000000 20232.146484 149943.937500
1194000.000000 14000955392.000000 20471.277344 148868.593750
1195000.000000 14021543936.000000 20704.398438 147789.750000
1196000.000000 14042362880.000000 20931.490234 146707.890625
1197000.000000 14063405056.000000 21152.537109 145623.578125
1198000.000000 14084665344.000000 21367.529297 144537.406250
1199000.000000 14106137600.000000 21576.455078 143449.828125
1200000.000000 14127815680.000000 21779.310547 142361.343750
1201000.000000 14149693440.000000 21976.089844 141272.484375
1202000.000000 14171765760.000000 22166.792969 140183.703125
1203000.000000 14194025472.000000 22351.419922 139095.421875
1204000.000000 14216466432.000000 22529.976562 138008.156250
1205000.000000 14239083520.000000 22702.468750 136922.359375
1206000.000000 14261869568.000000 22868.906250 135838.375000
1207000.000000 14284819456.000000 23029.298828 134756.703125
1208000.000000 14307926016.000000 23183.660156 133677.687500
1209000.000000 14331184128.000000 23332.007812 132601.750000
1210000.000000 14354587648.000000 23474.357422 131529.234375
1211000.000000 14378130432.000000 23610.730469 130460.507812
1212000.000000 14401807360.000000 23741.148438 129395.921875
1213000.000000 14425611264.000000 23865.634766 128335.757812
1214000.000000 14449537024.000000 23984.214844 127280.406250
1215000.000000 14473578496.000000 24096.917969 126230.125000
1216000.000000 14497729536.000000 24203.771484 125185.226562
1217000.000000 14521984000.000000 24304.806641 124145.992188
1218000.000000 14546336768.000000 24400.054688 123112.710938
1219000.000000 14570781696.000000 24489.550781 122085.609375
1220000.000000 14595313664.000000 24573.330078 121064.945312
1221000.000000 14619926528.000000 24651.429688 120050.929688
1222000.000000 14644614144.000000 24723.886719 119043.781250
1223000.000000 14669372416.000000 24790.740234 118043.750000
1224000.000000 14694194176.000000 24852.031250 117050.968750
1225000.000000 14719074304.000000 24907.800781 116065.679688
1226000.000000 14744007680.000000 24958.091797 115088.039062
1227000.000000 14768988160.000000 25002.947266 114118.203125
1228000.000000 14794011648.000000 25042.412109 113156.359375
1229000.000000 14819072000.000000 25076.531250 112202.593750
1230000.000000 14844163072.000000 25105.351562 111257.078125
1231000.000000 14869280768.000000 25128.919922 110319.960938
1232000.000000 14894418944.000000 25147.283203 109391.320312
1233000.000000 14919573504.000000 25160.490234 108471.304688
1234000.000000 14944738304.000000 25168.589844 107559.960938
1235000.000000 14969909248.000000 25171.632812 106657.429688
1236000.000000 14995080192.000000 25169.667969 105763.750000
1237000.000000 15020247040.000000 25162.746094 104879.039062
1238000.000000 15045404672.000000 25150.917969 104003.343750
1239000.000000 15070547968.000000 25134.236328 103136.718750
1240000.000000 15095671808.000000 25112.751953 102279.234375
1241000.000000 15120772096.000000 25086.517578 101430.937500
1242000.000000 15145843712.000000 25055.585938 100591.859375
1243000.000000 15170881536.000000 25020.009766 99762.039062
1244000.000000 15195881472.000000 24979.839844 98941.523438
1245000.000000 15220839424.000000 24935.132812 98130.312500
1246000.000000 15245750272.000000 24885.939453 97328.414062
1247000.000000 15270609920.000000 24832.312500 96535.859375
1248000.000000 15295413248.000000 24774.306641 95752.640625
1249000.000000 15320157184.000000 24711.976562 94978.781250
1250000.000000 15344836608.000000 24645.375000 94214.242188
1251000.000000 15369447424.000000 24574.554688 93459.046875
1252000.000000 15393984512.000000 24499.568359 92713.164062
1253000.000000 15418444800.000000 24420.470703 91976.625000
1254000.000000 15442824192.000000 24337.314453 91249.359375
1255000.000000 15467118592.000000 24250.152344 90531.359375
1256000.000000 15491323904.000000 24159.039062 89822.593750
1257000.000000 15515436032.000000 24064.027344 89123.039062
1258000.000000 15539450880.000000 23965.167969 88432.671875
1259000.000000 15563365376.000000 23862.515625 87751.460938
1260000.000000 15587175424.000000 23756.121094 87079.335938
1261000.000000 15610876928.000000 23646.037109 86416.281250
1262000.000000 15634466816.000000 23532.316406 85762.250000
1263000.000000 15657940992.000000 23415.009766 85117.195312
1264000.000000 15681296384.000000 23294.169922 84481.070312
1265000.000000 15704528896.000000 23169.847656 83853.820312
1266000.000000 15727635456.000000 23042.091797 83235.406250
1267000.000000 15750611968.000000 22910.955078 82625.765625
1268000.000000 15773456384.000000 22776.486328 82024.867188
1269000.000000 15796164608.000000 22638.736328 81432.609375
1270000.000000 15818733568.000000 22497.753906 80848.960938
1271000.000000 15841159168.000000 22353.589844 80273.851562
1272000.000000 15863439360.000000 22206.291016 79707.257812
1273000.000000 15885571072.000000 22055.908203 79149.085938
1274000.000000 15907550208.000000 21902.488281 78599.273438
1275000.000000 15929374720.000000 21746.078125 78057.773438
1276000.000000 15951041536.000000 21586.726562 77524.507812
1277000.000000 15972547584.000000 21424.480469 76999.421875
1278000.000000 15993889792.000000 21259.384766 76482.437500
1279000.000000 16015065088.000000 21091.488281 75973.507812
1280000.000000 16036071424.000000 20920.835938 75472.570312
1281000.000000 16056905728.000000 20747.472656 74979.539062
1282000.000000 16077564928.000000 20571.443359 74494.359375
1283000.000000 16098046976.000000 20392.792969 74016.968750
1284000.000000 16118349824.000000 20211.566406 73547.296875
1285000.000000 16138469376.000000 20027.806641 73085.257812
1286000.000000 16158404608.000000 19841.558594 72630.820312
1287000.000000 16178152448.000000 19652.863281 72183.890625
1288000.000000 16197709824.000000 19461.763672 71744.406250
1289000.000000 16217074688.000000 19268.302734 71312.328125
1290000.000000 16236244992.000000 19072.523438 70887.570312
1291000.000000 16255218688.000000 18874.464844 70470.070312
1292000.000000 16273992704.000000 18674.169922 70059.750000
1293000.000000 16292566016.000000 18471.677734 69656.570312
1294000.000000 16310935552.000000 18267.029297 69260.437500
1295000.000000 16329099264.000000 18060.263672 68871.304688
1296000.000000 16347055104.000000 17851.421875 68489.109375
1297000.000000 16364801024.000000 17640.541016 68113.789062
1298000.000000 16382334976.000000 17427.660156 67745.281250
1299000.000000 16399654912.000000 17212.818359 67383.515625
1300000.000000 16416759808.000000 16996.052734 67028.445312
1301000.000000 16433646592.000000 16777.402344 66679.976562
1302000.000000 16450314240.000000 16556.902344 66338.085938
1303000.000000 16466759680.000000 16334.589844 66002.695312
1304000.000000 16482981888.000000 16110.501953 65673.765625
1305000.000000 16498979840.000000 15884.673828 65351.230469
1306000.000000 16514750464.000000 15657.141602 65035.011719
1307000.000000 16530292736.000000 15427.940430 64725.082031
1308000.000000 16545605632.000000 15197.105469 64421.371094
1309000.000000 16560687104.000000 14964.670898 64123.812500
1310000.000000 16575535104.000000 14730.670898 63832.363281
1311000.000000 16590148608.000000 14495.138672 63546.976562
1312000.000000 16604525568.000000 14258.108398 63267.589844
1313000.000000 16618664960.000000 14019.613281 62994.164062
1314000.000000 16632564736.000000 13779.686523 62726.640625
1315000.000000 16646223872.000000 13538.360352 62464.972656
1316000.000000 16659641344.000000 13295.666992 62209.113281
1317000.000000 16672815104.000000 13051.637695 61959.003906
1318000.000000 16685744128.000000 12806.304688 61714.613281
1319000.000000 16698427392.000000 12559.699219 61475.882812
1320000.000000 16710862848.000000 12311.852539 61242.769531
1321000.000000 16723050496.000000 12062.795898 61015.238281
1322000.000000 16734988288.000000 11812.558594 60793.222656
1323000.000000 16746675200.000000 11561.170898 60576.699219
1324000.000000 16758110208.000000 11308.663086 60365.625000
1325000.000000 16769292288.000000 11055.065430 60159.949219
1326000.000000 16780220416.000000 10800.406250 59959.636719
1327000.000000 16790893568.000000 10544.715820 59764.648438
1328000.000000 16801309696.000000 10288.021484 59574.941406
1329000.000000 16811468800.000000 10030.353516 59390.500000
1330000.000000 16821369856.000000 9771.739258 59211.269531
1331000.000000 16831011840.000000 9512.207031 59037.218750
1332000.000000 16840393728.000000 9251.785156 58868.308594
1333000.000000 16849514496.000000 8990.500977 58704.511719
1334000.000000 16858374144.000000 8728.381836 58545.796875
1335000.000000 16866970624.000000 8465.455078 58392.121094
1336000.000000 16875303936.000000 8201.748047 58243.468750
1337000.000000 16883373056.000000 7937.288086 58099.804688
1338000.000000 16891177984.000000 7672.101562 57961.097656
1339000.000000 16898717696.000000 7406.215332 57827.308594
1340000.000000 16905991168.000000 7139.655273 57698.421875
1341000.000000 16912997376.000000 6872.447754 57574.410156
1342000.000000 16919736320.000000 6604.618652 57455.257812
1343000.000000 16926206976.000000 6336.194336 57340.929688
1344000.000000 16932408320.000000 6067.200195 57231.410156
1345000.000000 16938340352.000000 5797.661621 57126.683594
1346000.000000 16944003072.000000 5527.604492 57026.722656
1347000.000000 16949395456.000000 5257.054199 56931.492188
1348000.000000 16954517504.000000 4986.035645 56840.988281
1349000.000000 16959368192.000000 4714.573730 56755.179688
1350000.000000 16963946496.000000 4442.693848 56674.062500
1351000.000000 16968253440.000000 4170.420898 56597.625000
1352000.000000 16972288000.000000 3897.779297 56525.832031
1353000.000000 16976049152.000000 3624.793945 56458.679688
1354000.000000 16979536896.000000 3351.489258 56396.164062
1355000.000000 16982751232.000000 3077.889893 56338.265625
1356000.000000 16985692160.000000 2804.020264 56284.968750
1357000.000000 16988358656.000000 2529.904785 56236.261719
1358000.000000 16990751744.000000 2255.567627 56192.140625
1359000.000000 16992870400.000000 1981.032959 56152.578125
1360000.000000 16994713600.000000 1706.325073 56117.582031
1361000.000000 16996282368.000000 1431.468018 56087.156250
1362000.000000 16997576704.000000 1156.486084 56061.277344
1363000.000000 16998595584.000000 881.403076 56039.937500
1364000.000000 16999339008.000000 606.243286 56023.144531
1365000.000000 16999808000.000000 331.030609 56010.894531
1366000.000000 17000001536.000000 55.789062 56003.167969
1367000.000000 16999919616.000000 -219.457367 55999.980469
1368000.000000 16999562240.000000 -494.684662 56001.328125
1369000.000000 16998930432.000000 -769.868774 56007.214844
1370000.000000 16998023168.000000 -1044.985840 56017.625000
1371000.000000 16996840448.000000 -1320.011719 56032.578125
1372000.000000 16995383296.000000 -1594.922363 56052.074219
1373000.000000 16993650688.000000 -1869.693604 56076.109375
1374000.000000 16991643648.000000 -2144.301514 56104.699219
1375000.000000 16989362176.000000 -2418.721680 56137.843750
1376000.000000 16986806272.000000 -2692.929932 56175.546875
1377000.000000 16983975936.000000 -2966.902100 56217.820312
1378000.000000 16980872192.000000 -3240.613770 56264.679688
1379000.000000 16977495040.000000 -3514.040771 56316.117188
1380000.000000 16973844480.000000 -3787.158447 56372.152344
1381000.000000 16969920512.000000 -4059.942383 56432.796875
1382000.000000 16965724160.000000 -4332.367676 56498.074219
1383000.000000 16961255424.000000 -4604.409668 56567.980469
1384000.000000 16956515328.000000 -4876.043945 56642.539062
1385000.000000 16951503872.000000 -5147.245117 56721.753906
1386000.000000 16946221056.000000 -5417.988281 56805.648438
1387000.000000 16940667904.000000 -5688.248535 56894.246094
1388000.000000 16934844416.000000 -5958.000000 56987.554688
1389000.000000 16928751616.000000 -6227.217773 57085.605469
1390000.000000 16922390528.000000 -6495.875977 57188.410156
1391000.000000 16915760128.000000 -6763.949219 57295.972656
1392000.000000 16908862464.000000 -7031.411621 57408.351562
1393000.000000 16901697536.000000 -7298.237305 57525.542969
1394000.000000 16894266368.000000 -7564.399902 57647.574219
1395000.000000 16886568960.000000 -7829.873047 57774.472656
1396000.000000 16878606336.000000 -8094.630371 57906.269531
1397000.000000 16870379520.000000 -8358.645508 58042.988281
1398000.000000 16861889536.000000 -8621.891602 58184.648438
1399000.000000 16853136384.000000 -8884.340820 58331.277344
1400000.000000 16844121088.000000 -9145.966797 58482.914062
1401000.000000 16834844672.000000 -9406.741211 58639.585938
1402000.000000 16825308160.000000 -9666.637695 58801.324219
1403000.000000 16815511552.000000 -9925.626953 58968.156250
1404000.000000 16805456896.000000 -10183.681641 59140.128906
1405000.000000 16795144192.000000 -10440.773438 59317.257812
1406000.000000 16784575488.000000 -10696.874023 59499.593750
1407000.000000 16773750784.000000 -10951.955078 59687.152344
1408000.000000 16762672128.000000 -11205.986328 59879.992188
1409000.000000 16751339520.000000 -11458.939453 60078.132812
1410000.000000 16739755008.000000 -11710.784180 60281.628906
1411000.000000 16727918592.000000 -11961.491211 60490.503906
1412000.000000 16715832320.000000 -12211.030273 60704.816406
1413000.000000 16703497216.000000 -12459.371094 60924.593750
1414000.000000 16690914304.000000 -12706.483398 61149.882812
1415000.000000 16678084608.000000 -12952.335938 61380.730469
1416000.000000 16665010176.000000 -13196.897461 61617.179688
1417000.000000 16651692032.000000 -13440.136719 61859.265625
1418000.000000 16638131200.000000 -13682.021484 62107.039062
1419000.000000 16624328704.000000 -13922.519531 62360.550781
1420000.000000 16610286592.000000 -14161.598633 62619.859375
1421000.000000 16596005888.000000 -14399.226562 62884.996094
1422000.000000 16581488640.000000 -14635.370117 63156.023438
1423000.000000 16566735872.000000 -14869.996094 63432.976562
1424000.000000 16551749632.000000 -15103.070312 63715.917969
1425000.000000 16536530944.000000 -15334.558594 64004.886719
1426000.000000 16521080832.000000 -15564.426758 64299.949219
1427000.000000 16505402368.000000 -15792.639648 64601.171875
1428000.000000 16489496576.000000 -16019.163086 64908.578125
1429000.000000 16473364480.000000 -16243.960938 65222.238281
1430000.000000 16457009152.000000 -16466.998047 65542.218750
1431000.000000 16440431616.000000 -16688.236328 65868.554688
1432000.000000 16423633920.000000 -16907.640625 66201.312500
1433000.000000 16406617088.000000 -17125.173828 66540.554688
1434000.000000 16389384192.000000 -17340.798828 66886.343750
1435000.000000 16371936256.000000 -17554.478516 67238.726562
1436000.000000 16354275328.000000 -17766.173828 67597.781250
1437000.000000 16336404480.000000 -17975.847656 67963.562500
1438000.000000 16318324736.000000 -18183.458984 68336.117188
1439000.000000 16300038144.000000 -18388.970703 68715.515625
1440000.000000 16281547776.000000 -18592.341797 69101.835938
1441000.000000 16262854656.000000 -18793.533203 69495.109375
1442000.000000 16243961856.000000 -18992.503906 69895.429688
1443000.000000 16224870400.000000 -19189.212891 70302.843750
1444000.000000 16205583360.000000 -19383.619141 70717.437500
1445000.000000 16186103808.000000 -19575.679688 71139.257812
1446000.000000 16166432768.000000 -19765.353516 71568.359375
1447000.000000 16146573312.000000 -19952.599609 72004.835938
1448000.000000 16126528512.000000 -20137.373047 72448.742188
1449000.000000 16106299392.000000 -20319.630859 72900.117188
1450000.000000 16085890048.000000 -20499.330078 73359.070312
1451000.000000 16065301504.000000 -20676.427734 73825.632812
1452000.000000 16044537856.000000 -20850.876953 74299.906250
1453000.000000 16023601152.000000 -21022.634766 74781.921875
1454000.000000 16002493440.000000 -21191.654297 75271.757812
1455000.000000 15981218816.000000 -21357.890625 75769.492188
1456000.000000 15959779328.000000 -21521.296875 76275.171875
1457000.000000 15938177024.000000 -21681.828125 76788.867188
1458000.000000 15916416000.000000 -21839.435547 77310.671875
1459000.000000 15894499328.000000 -21994.074219 77840.617188
1460000.000000 15872429056.000000 -22145.695312 78378.765625
1461000.000000 15850209280.000000 -22294.250000 78925.203125
1462000.000000 15827842048.000000 -22439.691406 79479.968750
1463000.000000 15805331456.000000 -22581.968750 80043.140625
1464000.000000 15782679552.000000 -22721.035156 80614.773438
1465000.000000 15759890432.000000 -22856.839844 81194.945312
1466000.000000 15736967168.000000 -22989.333984 81783.687500
1467000.000000 15713912832.000000 -23118.466797 82381.078125
1468000.000000 15690731520.000000 -23244.187500 82987.171875
1469000.000000 15667426304.000000 -23366.445312 83602.007812
1470000.000000 15644000256.000000 -23485.191406 84225.648438
1471000.000000 15620457472.000000 -23600.371094 84858.156250
1472000.000000 15596801024.000000 -23711.935547 85499.570312
1473000.000000 15573035008.000000 -23819.832031 86149.945312
1474000.000000 15549162496.000000 -23924.007812 86809.328125
1475000.000000 15525187584.000000 -24024.412109 87477.765625
1476000.000000 15501114368.000000 -24120.990234 88155.296875
1477000.000000 15476946944.000000 -24213.691406 88841.945312
1478000.000000 15452688384.000000 -24302.462891 89537.757812
1479000.000000 15428342784.000000 -24387.250000 90242.773438
1480000.000000 15403915264.000000 -24468.000000 90957.031250
1481000.000000 15379408896.000000 -24544.660156 91680.523438
1482000.000000 15354827776.000000 -24617.177734 92413.296875
1483000.000000 15330176000.000000 -24685.498047 93155.375000
1484000.000000 15305457664.000000 -24749.568359 93906.789062
1485000.000000 15280677888.000000 -24809.333984 94667.539062
1486000.000000 15255840768.000000 -24864.742188 95437.617188
1487000.000000 15230950400.000000 -24915.740234 96217.031250
1488000.000000 15206010880.000000 -24962.273438 97005.789062
1489000.000000 15181027328.000000 -25004.289062 97803.906250
1490000.000000 15156003840.000000 -25041.734375 98611.343750
1491000.000000 15130945536.000000 -25074.556641 99428.101562
1492000.000000 15105856512.000000 -25102.703125 100254.148438
1493000.000000 15080741888.000000 -25126.121094 101089.468750
1494000.000000 15055605760.000000 -25144.757812 101934.015625
1495000.000000 15030453248.000000 -25158.560547 102787.781250
1496000.000000 15005289472.000000 -25167.478516 103650.710938
1497000.000000 14980119552.000000 -25171.460938 104522.742188
1498000.000000 14954948608.000000 -25170.457031 105403.804688
1499000.000000 14929780736.000000 -25164.416016 106293.828125
1500000.000000 14904621056.000000 -25153.287109 107192.781250
